2,9
2,8
2,7
2,5
2,4
2,2
1,4
1,2
0,483
0,478
0,474
0,472
0,470
0,468
0,467
0,466
0,462
0,461
0,460
0,456
0,455
0,453
0,452
0,450
2,6
0,449
4,1
0,444
4,3
0,443
4,0
0,436
0,427
0,423
0,419
0,417
0,416
0,411
0,408
0,406
0,400
0,397
0,388
0,377
0,369
0,480
0,366
2,91
0,355
0,329
0,323
2,92
0,322
387,1
0,301
387,3
0,243
387,0
389,1
389,3
389,0
0,495
391,1
391,3
391,0
2,93
394,1
394,3
394,0
0,491
1,5
2,86
2,94
1,1
0,499
1,6
1,3
1,0
0,493
0,497
2,1
2,95
2,3
2,0
0,490
0,9
0,310
0,305
0,500
0,494
0,479
0,477
0,469
0,465
0,459
0,454
0,451
0,448
0,428
0,414
0,473
0,492
0,475
0,458
0,463
0,464
0,308
0,304
0,303
0,302
0,307
0,426
0,12
0,376
0,10
0,457
0,8
0,0
0,442
0,300
0,410
0,299
0,409
0,298
0,407
0,297
0,441
0,296
0,482
0,295
0,405
0,294
0,404
0,293
0,440
0,292
0,403
0,291
0,402
0,290
0,401
0,289
0,439
0,288
0,481
0,287
0,399
0,286
0,398
0,285
0,438
0,284
0,502
0,283
0,396
0,282
0,395
0,281
0,437
0,280
0,394
0,279
0,393
0,278
0,392
0,277
0,435
0,276
0,391
0,275
0,390
0,274
0,389
2,10
2,11
2,13
2,14
2,16
2,17
2,19
2,21
2,22
2,24
2,25
2,27
2,29
2,30
2,32
2,33
2,35
2,64
2,66
2,68
2,69
2,71
2,72
2,74
2,76
2,77
2,79
2,80
2,82
2,83
2,85
2,88
2,89
3,0
3,1
3,3
3,5
3,6
5,0
5,1
5,3
5,4
5,6
6,1
6,2
6,4
6,5
7,1
7,3
7,4
8,1
8,2
8,4
8,6
8,7
8,9
8,10
8,12
8,13
8,15
8,17
8,18
9,0
9,1
9,3
9,5
9,6
10,1
10,2
10,4
10,5
10,7
11,1
11,2
11,4
11,5
12,0
12,2
12,3
13,0
13,1
13,3
13,4
13,6
13,8
14,0
14,2
14,3
14,5
15,1
15,2
15,4
16,0
16,2
16,4
16,5
17,1
17,2
17,4
17,5
17,7
18,1
18,2
18,4
18,5
18,7
18,9
18,10
18,12
18,13
19,0
19,1
19,3
19,5
19,6
20,1
20,2
20,4
20,6
20,7
21,1
21,2
21,4
21,5
21,7
22,0
22,1
22,3
22,4
23,0
23,2
23,3
23,5
24,0
24,2
24,3
24,5
24,7
24,8
24,10
24,11
24,13
25,0
25,1
25,3
25,4
26,0
26,2
26,3
26,5
26,6
27,1
27,2
27,4
27,6
27,7
28,0
28,1
28,3
28,5
28,6
28,8
28,9
28,11
28,12
28,14
28,16
28,17
29,1
29,2
29,4
29,6
29,7
30,0
30,1
30,3
30,4
30,6
30,8
31,0
31,2
31,3
31,5
31,7
31,8
31,10
32,0
32,2
32,4
32,5
32,7
32,8
32,10
32,11
32,13
32,15
32,16
32,18
32,19
32,21
33,1
33,2
33,4
33,5
34,1
34,2
34,4
35,0
35,1
35,3
35,4
36,0
36,2
36,3
36,5
37,0
37,2
37,3
37,5
38,1
38,2
38,4
38,5
39,1
39,3
39,4
39,6
39,7
39,9
39,10
39,12
39,14
39,15
39,17
39,18
40,1
40,3
40,4
41,0
41,1
41,3
41,5
42,0
42,2
42,3
43,0
43,1
43,3
43,5
43,6
44,1
44,2
44,4
44,6
44,7
44,9
44,10
45,0
45,1
45,3
45,5
45,6
45,8
45,9
45,11
46,1
46,2
46,4
46,5
46,7
46,8
47,1
47,3
47,4
47,6
47,7
47,9
47,11
47,12
47,14
48,0
48,2
48,4
48,5
48,7
49,0
49,2
49,3
49,5
49,7
49,8
49,10
49,11
49,13
49,15
49,16
49,18
49,19
49,21
49,22
49,24
50,0
50,1
50,3
50,4
50,6
51,0
51,1
51,3
51,4
51,6
52,0
52,2
52,4
52,5
52,7
52,8
52,10
52,12
52,13
52,15
53,0
53,2
53,4
54,0
54,2
54,3
54,5
54,6
54,8
54,10
54,11
54,13
54,14
55,0
55,2
55,3
55,5
55,6
56,1
56,2
56,4
56,6
56,7
56,9
56,10
57,1
57,3
57,4
57,6
57,7
57,9
57,10
58,1
58,3
58,4
59,0
59,1
59,3
59,5
59,6
60,1
60,2
60,4
60,5
60,7
60,9
60,10
61,1
61,2
61,4
61,6
61,7
61,9
61,10
61,12
61,14
62,0
62,2
62,3
62,5
62,6
63,1
63,3
63,4
64,0
64,1
64,3
64,5
64,6
65,1
65,2
65,4
65,5
66,0
66,2
66,3
66,5
66,6
67,0
67,2
67,3
68,0
68,1
68,3
68,4
69,1
69,3
69,4
70,0
70,1
70,3
70,5
70,6
71,0
71,1
71,3
71,5
71,6
71,8
72,0
72,2
72,3
72,5
72,7
72,8
72,10
72,11
73,1
73,3
73,4
74,0
74,1
74,3
74,4
74,6
75,1
75,2
75,4
75,5
76,1
76,3
76,4
76,6
76,7
76,9
76,10
77,0
77,2
77,3
77,5
77,6
78,1
78,3
78,4
79,0
79,1
79,3
79,4
79,6
79,8
79,9
79,11
80,0
80,2
80,4
80,5
81,1
81,2
81,4
81,6
81,7
81,9
81,10
82,0
82,1
82,3
82,5
83,0
83,2
83,3
83,5
83,7
83,8
83,10
83,11
84,1
84,2
84,4
84,6
85,0
85,2
85,3
85,5
86,1
86,2
86,4
86,5
86,7
86,8
86,10
86,12
86,13
87,1
87,2
87,4
88,1
88,2
88,4
88,5
89,1
89,3
89,4
89,6
89,7
89,9
89,10
89,12
90,1
90,2
90,4
90,5
91,1
91,3
91,4
91,6
91,7
91,9
91,10
92,0
92,2
92,3
92,5
92,6
92,8
92,10
92,11
93,1
93,2
93,4
93,5
94,1
94,3
94,4
94,6
95,0
95,2
95,4
95,5
96,1
96,2
96,4
96,5
96,7
96,9
96,10
97,1
97,2
97,4
98,0
98,1
98,3
98,4
98,6
98,8
98,9
99,0
99,1
99,3
99,4
100,0
100,2
100,3
100,5
100,6
100,8
100,10
100,11
101,1
101,2
101,4
101,5
101,7
101,9
101,10
102,1
102,2
102,4
103,0
103,1
103,3
103,4
104,0
104,1
104,3
104,5
104,6
104,8
104,9
105,0
105,2
105,3
105,5
106,0
106,2
106,4
106,5
106,7
106,8
106,10
106,11
107,0
107,2
107,3
108,0
108,1
108,3
108,5
108,6
108,8
108,9
109,0
109,1
109,3
109,5
109,6
110,1
110,2
110,4
111,0
111,1
111,3
111,4
111,6
111,7
111,9
112,0
112,1
112,3
112,4
112,6
113,0
113,1
113,3
113,4
113,6
114,0
114,1
114,3
114,4
114,6
114,7
114,9
114,11
114,12
115,0
115,1
115,3
115,5
115,6
115,8
116,0
116,2
116,3
116,5
116,7
116,8
117,1
117,2
117,4
117,6
117,7
117,9
117,10
117,12
118,0
118,2
118,4
119,0
119,2
119,3
120,0
120,2
120,3
120,5
120,6
120,8
120,9
120,11
121,0
121,1
121,3
121,4
121,6
121,8
122,0
122,2
122,3
123,0
123,2
123,3
123,5
123,6
124,0
124,1
124,3
124,5
124,6
125,0
125,1
125,3
125,5
125,6
125,8
125,9
125,11
125,12
126,0
126,2
126,3
126,5
126,6
126,8
126,10
127,0
127,2
127,3
127,5
127,6
128,1
128,3
128,4
128,6
129,0
129,2
129,4
129,5
130,0
130,1
130,3
130,5
130,6
131,1
131,2
131,4
131,5
132,0
132,2
132,3
132,5
133,0
133,2
133,4
133,5
134,0
134,1
134,3
134,4
134,6
134,8
134,9
135,1
135,2
135,4
135,6
135,7
135,9
135,10
135,12
135,13
135,15
135,17
135,18
136,1
136,2
136,4
136,6
136,7
137,1
137,2
137,4
137,5
138,1
138,3
138,4
138,6
138,7
139,1
139,3
139,4
139,6
139,7
140,1
140,3
140,4
141,0
141,1
141,3
141,4
141,6
142,0
142,1
142,3
142,4
142,6
142,8
142,9
143,1
143,2
144,0
144,1
144,3
145,1
145,2
145,4
145,5
145,7
146,1
146,2
146,4
146,5
147,0
147,1
147,3
147,5
147,6
147,8
147,9
147,11
147,13
148,0
148,2
148,3
148,5
149,0
149,1
149,3
149,4
149,6
149,7
149,9
150,0
150,1
150,3
150,4
150,6
151,1
151,2
151,4
151,5
151,7
151,8
151,10
152,1
152,2
152,4
153,0
153,2
153,4
153,5
154,1
154,2
154,4
154,5
154,7
154,9
154,10
154,12
155,0
155,2
155,4
155,5
155,7
155,8
155,10
155,11
155,13
156,0
156,1
156,3
156,4
156,6
156,8
156,9
156,11
156,12
156,14
157,0
157,1
157,3
157,4
157,6
157,7
157,9
157,11
157,12
157,14
157,15
158,1
158,3
158,4
158,6
158,7
158,9
158,10
158,12
159,1
159,2
159,4
159,5
159,7
159,9
159,10
159,12
160,0
160,2
160,3
160,5
160,7
160,8
160,10
160,11
160,13
160,15
160,16
161,1
161,2
161,4
161,6
161,7
161,9
161,10
161,12
161,13
161,15
162,0
162,1
162,3
162,4
162,6
162,8
162,9
162,11
162,12
162,14
162,15
163,0
163,2
163,3
163,5
163,6
163,8
163,10
163,11
163,13
163,14
164,1
164,2
164,4
164,6
164,7
164,9
164,10
164,12
164,14
164,15
165,0
165,1
165,3
165,5
165,6
165,8
165,9
165,11
165,12
165,14
166,0
166,1
166,3
166,4
166,6
166,8
166,9
166,11
166,12
166,14
167,0
167,2
167,4
167,5
167,7
167,8
167,10
167,12
167,13
167,15
167,16
167,18
168,0
168,2
168,4
168,5
168,7
168,8
168,10
168,12
169,0
169,2
169,3
169,5
169,6
169,8
169,10
169,11
169,13
169,14
169,16
170,1
170,2
170,4
170,5
170,7
170,9
170,10
170,12
170,13
170,15
171,0
171,2
171,4
171,5
171,7
171,8
171,10
171,12
171,13
171,15
171,16
172,0
172,1
172,3
172,5
173,0
173,2
173,3
174,0
174,2
174,3
174,5
174,6
174,8
174,9
174,11
174,13
174,14
174,16
175,0
175,2
175,4
175,5
176,1
176,2
176,4
177,0
177,1
177,3
177,4
178,0
178,1
178,3
178,5
178,6
178,8
178,9
179,1
179,3
179,4
179,6
179,7
179,9
179,10
179,12
180,0
180,1
180,3
180,4
181,0
181,2
181,3
181,5
181,6
181,8
181,9
181,11
181,13
181,14
181,16
181,17
181,19
181,21
182,0
182,2
182,3
182,5
182,6
182,8
182,10
182,11
182,13
182,14
183,0
183,2
183,3
183,5
183,6
183,8
183,10
184,0
184,2
184,3
184,5
185,0
185,2
185,4
185,5
185,7
185,8
185,10
185,12
186,0
186,2
186,3
186,5
186,6
186,8
187,0
187,1
187,3
187,4
187,6
187,8
187,9
188,0
188,1
188,3
189,0
189,2
190,0
190,1
190,3
191,0
191,2
192,0
192,1
192,3
193,0
193,2
194,0
194,1
194,3
195,0
195,2
195,3
196,1
196,3
197,0
197,2
197,3
198,1
198,3
199,0
199,2
199,3
200,1
200,2
201,0
201,2
201,3
202,1
202,2
203,0
203,2
203,3
204,1
204,2
205,0
205,1
205,3
206,1
206,2
207,0
207,1
207,3
208,1
208,2
209,0
209,1
209,3
210,0
210,2
211,0
211,1
211,3
212,0
212,2
212,4
212,5
212,7
213,0
213,2
213,4
213,5
213,7
214,0
214,2
214,3
214,5
215,1
215,2
215,4
215,5
216,1
216,3
216,4
216,6
217,0
217,2
217,3
218,1
218,3
219,0
219,2
219,3
220,1
220,3
221,0
221,2
221,3
222,1
222,2
223,0
223,2
223,3
224,1
224,2
225,0
225,2
225,3
226,1
226,2
227,0
227,2
227,3
228,1
228,2
229,0
229,1
229,3
230,1
230,2
231,0
231,1
231,3
232,1
232,2
233,0
233,1
233,3
234,0
234,2
235,0
235,1
235,3
236,0
236,2
237,0
237,1
237,3
238,0
238,2
238,3
239,1
239,3
240,0
240,2
240,3
240,5
240,7
240,8
241,0
241,1
241,3
241,5
241,6
242,0
242,1
242,3
242,4
242,6
243,1
243,2
243,4
243,5
244,0
244,2
244,3
244,5
245,0
245,2
245,3
245,5
245,7
245,8
246,0
246,1
246,3
246,5
246,6
247,0
247,1
247,3
247,4
247,6
248,1
248,2
248,4
248,5
249,0
249,2
249,3
249,5
249,6
250,0
250,1
250,3
250,5
250,6
250,8
250,9
250,11
250,13
250,14
250,16
250,17
250,19
250,21
250,22
251,1
251,2
251,4
251,5
252,0
252,2
252,3
252,5
252,6
252,8
253,1
253,2
253,4
253,5
254,0
254,1
254,3
254,5
254,6
255,0
255,1
255,3
255,5
255,6
255,8
255,9
255,11
255,12
255,14
255,16
255,17
255,19
255,20
255,22
256,1
256,2
256,4
256,5
257,0
257,2
257,3
258,0
258,1
258,3
258,4
258,6
258,8
258,9
258,11
258,12
259,1
259,3
259,4
259,6
260,0
260,2
260,3
260,5
260,7
261,0
261,2
261,3
261,5
262,0
262,1
262,3
262,4
262,6
262,7
262,9
263,0
263,1
263,3
263,4
263,6
263,8
263,9
264,0
264,1
264,3
264,4
264,6
265,1
265,2
265,4
265,5
265,7
265,9
265,10
265,12
266,0
266,2
266,4
266,5
267,1
267,2
267,4
267,5
268,1
268,3
268,4
268,6
268,7
268,9
269,0
269,1
269,3
269,4
269,6
270,0
270,2
270,4
270,5
270,7
270,8
271,1
271,3
271,4
271,6
271,7
271,9
271,10
272,1
272,3
272,4
272,6
272,7
273,1
273,3
273,4
274,0
274,1
274,3
274,5
274,6
275,0
275,1
275,3
275,4
275,6
275,8
275,9
276,0
276,1
276,3
276,5
277,0
277,2
277,3
278,0
278,1
278,3
279,0
279,1
279,3
279,4
280,0
280,2
280,3
280,5
280,6
281,1
281,2
281,4
281,6
282,0
282,2
282,3
282,5
282,7
282,8
283,1
283,2
283,4
283,5
284,0
284,2
284,3
285,0
285,1
285,3
286,0
286,1
286,3
286,4
287,0
287,2
287,3
287,5
287,6
288,1
288,2
288,4
288,6
289,0
289,2
289,3
289,5
290,0
290,1
290,3
290,4
290,6
290,7
291,1
291,3
291,4
291,6
291,7
291,9
291,11
291,12
291,14
292,0
292,2
292,3
292,5
293,0
293,1
293,3
293,4
293,6
294,1
294,2
294,4
294,5
294,7
294,9
294,10
294,12
294,13
295,0
295,1
295,3
295,5
296,0
296,2
296,3
296,5
297,1
297,2
297,4
297,5
297,7
297,8
298,1
298,3
298,4
298,6
298,7
299,1
299,3
299,4
299,6
299,7
299,9
299,10
299,12
299,14
299,15
299,17
299,18
299,20
299,22
299,23
300,1
300,2
300,4
300,6
301,0
301,2
301,3
301,5
301,6
302,0
302,2
302,3
302,5
302,6
303,1
303,3
303,4
303,6
303,7
303,9
303,10
303,12
303,14
303,15
303,17
303,18
303,20
303,22
303,23
304,0
304,1
304,3
304,4
304,6
305,1
305,2
305,4
305,5
306,0
306,2
306,3
306,5
306,6
306,8
306,9
306,11
306,13
306,14
306,16
307,0
307,2
307,4
307,5
307,7
307,8
308,1
308,3
308,4
308,6
308,7
309,1
309,2
309,4
310,0
310,1
310,3
310,4
310,6
311,1
311,2
311,4
311,5
311,7
312,0
312,2
312,4
312,5
312,7
312,8
312,10
312,12
312,13
312,15
312,16
312,18
312,19
312,21
312,23
312,24
313,1
313,2
313,4
313,6
314,0
314,2
314,3
314,5
314,7
314,8
315,0
315,1
315,3
315,4
315,6
315,8
315,9
315,11
315,12
315,14
315,16
315,17
315,19
315,20
316,1
316,2
316,4
317,0
317,1
317,3
317,4
318,0
318,2
318,3
318,5
319,0
319,2
319,3
319,5
319,7
319,8
319,10
319,11
319,13
319,15
319,16
319,18
320,0
320,2
320,3
320,5
321,1
321,2
321,4
321,5
322,1
322,3
322,4
323,1
323,2
323,4
323,6
324,0
324,2
324,3
324,5
324,6
324,8
325,0
325,1
325,3
325,4
325,6
325,8
325,9
326,0
326,1
326,3
326,4
326,6
327,0
327,1
327,3
327,4
327,6
328,0
328,1
328,3
328,4
328,6
328,7
329,0
329,2
329,3
329,5
329,6
329,8
329,10
330,0
330,2
330,3
330,5
330,7
330,8
330,10
330,11
330,13
330,14
330,16
330,18
330,19
330,21
330,22
330,24
331,1
331,2
331,4
331,5
331,7
332,0
332,2
332,4
332,5
332,7
332,8
332,10
332,12
332,13
332,15
332,16
332,18
332,19
332,21
333,0
333,1
333,3
333,4
334,0
334,2
334,3
334,5
335,0
335,2
335,3
335,5
335,7
335,8
335,10
335,11
335,13
335,15
335,16
335,18
335,19
336,1
336,3
336,4
336,6
337,0
337,2
337,3
337,5
338,1
338,2
338,4
338,5
339,0
339,2
339,3
339,5
339,6
339,8
339,9
339,11
340,1
340,2
340,4
340,5
341,1
341,3
341,4
341,6
341,7
341,9
341,10
341,12
341,14
341,15
342,1
342,2
342,4
342,6
342,7
343,0
343,1
343,3
343,5
343,6
344,1
344,2
344,4
344,5
344,7
344,9
344,10
344,12
345,0
345,2
345,4
345,5
346,1
346,2
346,4
346,5
347,1
347,3
347,4
347,6
347,7
347,9
347,11
347,12
348,0
348,1
348,3
348,4
348,6
348,8
349,0
349,2
349,3
349,5
349,7
349,8
350,1
350,2
350,4
350,6
350,7
350,9
351,0
351,2
351,3
351,5
352,1
352,2
352,4
352,5
353,1
353,3
353,4
354,0
354,1
354,3
354,4
355,0
355,2
355,3
355,5
355,6
355,8
355,10
356,0
356,2
356,3
356,5
356,6
356,8
356,10
356,11
357,0
357,1
357,3
357,5
357,6
357,8
358,0
358,2
358,3
358,5
359,1
359,2
359,4
360,0
360,2
360,4
360,5
361,1
361,2
361,4
361,6
362,0
362,2
362,3
362,5
362,6
363,1
363,3
363,4
363,6
363,7
364,0
364,2
364,3
364,5
364,6
364,8
364,9
365,1
365,3
365,4
366,1
366,2
366,4
366,6
366,7
366,9
366,10
366,12
366,13
366,15
366,17
366,18
366,20
366,21
366,23
366,25
367,0
367,2
367,3
367,5
367,7
368,0
368,2
368,3
368,5
368,6
368,8
368,10
368,11
368,13
368,14
368,16
368,18
368,19
369,1
369,2
369,4
369,5
369,7
369,9
369,10
370,0
370,1
370,3
370,5
370,6
370,8
370,9
371,1
371,2
371,4
371,6
371,7
372,0
372,1
372,3
372,5
373,0
373,2
373,3
373,5
373,6
373,8
373,10
373,11
373,13
373,14
373,16
373,18
373,19
373,21
373,22
373,24
374,1
374,2
374,4
374,5
374,7
374,8
374,10
375,1
375,2
375,4
375,5
376,1
376,3
376,4
376,6
377,0
377,2
377,3
377,5
377,7
377,8
377,10
377,11
378,0
378,2
378,3
378,5
378,6
378,8
378,9
378,11
379,0
379,1
379,3
379,4
379,6
379,8
379,9
380,1
380,2
380,4
380,6
380,7
381,0
381,1
381,3
381,4
381,6
381,8
381,9
381,11
381,12
381,14
381,16
381,17
381,19
381,20
381,22
381,23
381,25
381,27
381,28
381,30
381,31
381,33
382,1
382,2
382,4
383,0
383,2
383,3
383,5
384,1
384,2
384,4
385,0
385,2
385,4
385,5
385,7
385,8
385,10
385,11
385,13
385,15
385,16
385,18
385,19
386,1
386,3
386,4
387,2
387,4
388,0
388,2
388,3
389,2
389,4
389,6
390,0
390,2
390,4
390,5
390,7
390,8
390,10
391,4
392,0
392,2
392,3
392,5
392,6
393,1
393,3
393,4
393,6
393,7
394,4
394,6
394,7
394,9
394,10
394,12
394,13
394,15
394,17
394,18
394,20
394,21
395,0
395,2
395,3
395,5
395,6
396,1
396,3
396,4
397,0
397,1
397,3
397,4
398,0
398,2
398,3
398,5
399,0
399,2
399,4
399,5
399,7
399,8
400,1
400,2
400,4
400,6
400,7
401,1
401,2
401,4
401,6
401,7
401,8
401,5
401,3
401,0
400,5
400,3
400,0
399,6
399,3
399,1
398,4
398,1
397,5
397,2
396,5
396,2
396,0
395,4
395,1
394,22
394,19
394,16
394,14
394,11
394,8
394,5
394,2
393,5
393,2
393,0
392,4
392,1
391,2
390,9
390,6
390,3
390,1
389,5
388,4
388,1
387,5
386,5
386,2
386,0
385,17
385,14
385,12
385,9
385,6
385,3
385,1
384,3
384,0
383,4
383,1
382,3
382,0
381,32
381,29
381,26
381,24
381,21
381,18
381,15
381,13
381,10
381,7
381,5
381,2
380,8
380,5
380,3
380,0
379,7
379,5
379,2
378,12
378,10
378,7
378,4
378,1
377,12
377,9
377,6
377,4
377,1
376,5
376,2
376,0
375,3
375,0
374,9
374,6
374,3
374,0
373,23
373,20
373,17
373,15
373,12
373,9
373,7
373,4
373,1
372,4
372,2
371,8
371,5
371,3
371,0
370,7
370,4
370,2
369,11
369,8
369,6
369,3
369,0
368,17
368,15
368,12
368,9
368,7
368,4
368,1
367,6
367,4
367,1
366,24
366,22
366,19
366,16
366,14
366,11
366,8
366,5
366,3
366,0
365,2
365,0
364,7
364,4
364,1
363,8
363,5
363,2
363,0
362,4
362,1
361,5
361,3
361,0
360,3
360,1
359,3
359,0
358,4
358,1
357,7
357,4
357,2
356,12
356,9
356,7
356,4
356,1
355,9
355,7
355,4
355,1
354,5
354,2
353,5
353,2
353,0
352,3
352,0
351,4
351,1
350,8
350,5
350,3
350,0
349,6
349,4
349,1
348,7
348,5
348,2
347,13
347,10
347,8
347,5
347,2
347,0
346,3
346,0
345,3
345,1
344,11
344,8
344,6
344,3
344,0
343,4
343,2
342,8
342,5
342,3
342,0
341,13
341,11
341,8
341,5
341,2
341,0
340,3
340,0
339,10
339,7
339,4
339,1
338,6
338,3
338,0
337,4
337,1
336,5
336,2
336,0
335,17
335,14
335,12
335,9
335,6
335,4
335,1
334,4
334,1
333,5
333,2
332,22
332,20
332,17
332,14
332,11
332,9
332,6
332,3
332,1
331,6
331,3
331,0
330,23
330,20
330,17
330,15
330,12
330,9
330,6
330,4
330,1
329,9
329,7
329,4
329,1
328,8
328,5
328,2
327,7
327,5
327,2
326,7
326,5
326,2
325,10
325,7
325,5
325,2
324,9
324,7
324,4
324,1
323,5
323,3
323,0
322,2
322,0
321,3
321,0
320,4
320,1
319,17
319,14
319,12
319,9
319,6
319,4
319,1
318,4
318,1
317,5
317,2
316,5
316,3
316,0
315,18
315,15
315,13
315,10
315,7
315,5
315,2
314,9
314,6
314,4
314,1
313,5
313,3
313,0
312,22
312,20
312,17
312,14
312,11
312,9
312,6
312,3
312,1
311,6
311,3
311,0
310,5
310,2
309,5
309,3
309,0
308,5
308,2
308,0
307,6
307,3
307,1
306,15
306,12
306,10
306,7
306,4
306,1
305,6
305,3
305,0
304,5
304,2
303,24
303,21
303,19
303,16
303,13
303,11
303,8
303,5
303,2
303,0
302,4
302,1
301,7
301,4
301,1
300,5
300,3
300,0
299,21
299,19
299,16
299,13
299,11
299,8
299,5
299,2
299,0
298,5
298,2
298,0
297,6
297,3
297,0
296,4
296,1
295,4
295,2
294,14
294,11
294,8
294,6
294,3
294,0
293,5
293,2
292,6
292,4
292,1
291,13
291,10
291,8
291,5
291,2
291,0
290,5
290,2
289,6
289,4
289,1
288,5
288,3
288,0
287,4
287,1
286,5
286,2
285,4
285,2
284,4
284,1
283,6
283,3
283,0
282,6
282,4
282,1
281,5
281,3
281,0
280,4
280,1
279,5
279,2
278,4
278,2
277,4
277,1
276,4
276,2
275,10
275,7
275,5
275,2
274,7
274,4
274,2
273,5
273,2
273,0
272,5
272,2
272,0
271,8
271,5
271,2
271,0
270,6
270,3
270,1
269,5
269,2
268,10
268,8
268,5
268,2
268,0
267,3
267,0
266,3
266,1
265,11
265,8
265,6
265,3
265,0
264,5
264,2
263,10
263,7
263,5
263,2
262,10
262,8
262,5
262,2
261,6
261,4
261,1
260,6
260,4
260,1
259,5
259,2
259,0
258,10
258,7
258,5
258,2
257,4
257,1
256,6
256,3
256,0
255,21
255,18
255,15
255,13
255,10
255,7
255,4
255,2
254,7
254,4
254,2
253,6
253,3
253,0
252,7
252,4
252,1
251,6
251,3
251,0
250,20
250,18
250,15
250,12
250,10
250,7
250,4
250,2
249,7
249,4
249,1
248,6
248,3
248,0
247,5
247,2
246,7
246,4
246,2
245,9
245,6
245,4
245,1
244,4
244,1
243,6
243,3
243,0
242,5
242,2
241,7
241,4
241,2
240,9
240,6
240,4
240,1
239,2
239,0
238,1
237,2
236,3
236,1
235,2
234,3
234,1
233,2
232,3
232,0
231,2
230,3
230,0
229,2
228,3
228,0
227,1
226,3
226,0
225,1
224,3
224,0
223,1
222,3
222,0
221,1
220,2
220,0
219,1
218,2
218,0
217,1
216,5
216,2
216,0
215,3
215,0
214,4
214,1
213,6
213,3
213,1
212,6
212,3
212,1
211,2
210,3
210,1
209,2
208,3
208,0
207,2
206,3
206,0
205,2
204,3
204,0
203,1
202,3
202,0
201,1
200,3
200,0
199,1
198,2
198,0
197,1
196,2
196,0
195,1
194,2
193,3
193,1
192,2
191,3
191,1
190,2
189,3
189,1
188,2
187,10
187,7
187,5
187,2
186,9
186,7
186,4
186,1
185,11
185,9
185,6
185,3
185,1
184,4
184,1
183,9
183,7
183,4
183,1
182,15
182,12
182,9
182,7
182,4
182,1
181,20
181,18
181,15
181,12
181,10
181,7
181,4
181,1
180,5
180,2
179,13
179,11
179,8
179,5
179,2
179,0
178,7
178,4
178,2
177,5
177,2
176,5
176,3
176,0
175,3
175,1
174,15
174,12
174,10
174,7
174,4
174,1
173,4
173,1
172,4
172,2
171,17
171,14
171,11
171,9
171,6
171,3
171,1
170,14
170,11
170,8
170,6
170,3
170,0
169,15
169,12
169,9
169,7
169,4
169,1
168,11
168,9
168,6
168,3
168,1
167,17
167,14
167,11
167,9
167,6
167,3
167,1
166,13
166,10
166,7
166,5
166,2
165,15
165,13
165,10
165,7
165,4
165,2
164,16
164,13
164,11
164,8
164,5
164,3
164,0
163,12
163,9
163,7
163,4
163,1
162,16
162,13
162,10
162,7
162,5
162,2
161,16
161,14
161,11
161,8
161,5
161,3
161,0
160,14
160,12
160,9
160,6
160,4
160,1
159,11
159,8
159,6
159,3
159,0
158,11
158,8
158,5
158,2
158,0
157,13
157,10
157,8
157,5
157,2
156,15
156,13
156,10
156,7
156,5
156,2
155,14
155,12
155,9
155,6
155,3
155,1
154,11
154,8
154,6
154,3
154,0
153,3
153,1
152,3
152,0
151,9
151,6
151,3
151,0
150,5
150,2
149,10
149,8
149,5
149,2
148,6
148,4
148,1
147,12
147,10
147,7
147,4
147,2
146,6
146,3
146,0
145,6
145,3
145,0
144,2
143,3
143,0
142,7
142,5
142,2
141,7
141,5
141,2
140,5
140,2
140,0
139,5
139,2
139,0
138,5
138,2
138,0
137,3
137,0
136,5
136,3
136,0
135,16
135,14
135,11
135,8
135,5
135,3
135,0
134,7
134,5
134,2
133,6
133,3
133,1
132,4
132,1
131,6
131,3
131,0
130,4
130,2
129,6
129,3
129,1
128,5
128,2
128,0
127,4
127,1
126,9
126,7
126,4
126,1
125,13
125,10
125,7
125,4
125,2
124,7
124,4
124,2
123,7
123,4
123,1
122,4
122,1
121,7
121,5
121,2
120,12
120,10
120,7
120,4
120,1
119,4
119,1
118,3
118,1
117,11
117,8
117,5
117,3
117,0
116,6
116,4
116,1
115,7
115,4
115,2
114,13
114,10
114,8
114,5
114,2
113,7
113,5
113,2
112,7
112,5
112,2
111,10
111,8
111,5
111,2
110,5
110,3
110,0
109,4
109,2
108,10
108,7
108,4
108,2
107,4
107,1
106,12
106,9
106,6
106,3
106,1
105,4
105,1
104,10
104,7
104,4
104,2
103,5
103,2
102,5
102,3
102,0
101,8
101,6
101,3
101,0
100,9
100,7
100,4
100,1
99,5
99,2
98,10
98,7
98,5
98,2
97,5
97,3
97,0
96,8
96,6
96,3
96,0
95,3
95,1
94,5
94,2
94,0
93,3
93,0
92,9
92,7
92,4
92,1
91,11
91,8
91,5
91,2
91,0
90,3
90,0
89,11
89,8
89,5
89,2
89,0
88,3
88,0
87,3
87,0
86,11
86,9
86,6
86,3
86,0
85,4
85,1
84,5
84,3
84,0
83,9
83,6
83,4
83,1
82,4
82,2
81,11
81,8
81,5
81,3
81,0
80,3
80,1
79,10
79,7
79,5
79,2
78,5
78,2
78,0
77,4
77,1
76,11
76,8
76,5
76,2
76,0
75,3
75,0
74,5
74,2
73,5
73,2
73,0
72,9
72,6
72,4
72,1
71,7
71,4
71,2
70,7
70,4
70,2
69,5
69,2
69,0
68,2
67,4
67,1
66,7
66,4
66,1
65,6
65,3
65,0
64,4
64,2
63,5
63,2
63,0
62,4
62,1
61,13
61,11
61,8
61,5
61,3
61,0
60,8
60,6
60,3
60,0
59,4
59,2
58,5
58,2
58,0
57,8
57,5
57,2
57,0
56,8
56,5
56,3
56,0
55,4
55,1
54,15
54,12
54,9
54,7
54,4
54,1
53,3
53,1
52,14
52,11
52,9
52,6
52,3
52,1
51,5
51,2
50,7
50,5
50,2
49,25
49,23
49,20
49,17
49,14
49,12
49,9
49,6
49,4
49,1
48,6
48,3
48,1
47,13
47,10
47,8
47,5
47,2
47,0
46,6
46,3
46,0
45,10
45,7
45,4
45,2
44,11
44,8
44,5
44,3
44,0
43,4
43,2
42,4
42,1
41,4
41,2
40,5
40,2
40,0
39,16
39,13
39,11
39,8
39,5
39,2
39,0
38,3
38,0
37,4
37,1
36,4
36,1
35,5
35,2
34,5
34,3
34,0
33,3
33,0
32,20
32,17
32,14
32,12
32,9
32,6
32,3
32,1
31,9
31,6
31,4
31,1
30,7
30,5
30,2
29,8
29,5
29,3
29,0
28,15
28,13
28,10
28,7
28,4
28,2
27,8
27,5
27,3
27,0
26,4
26,1
25,5
25,2
24,14
24,12
24,9
24,6
24,4
24,1
23,4
23,1
22,5
22,2
21,8
21,6
21,3
21,0
20,5
20,3
20,0
19,4
19,2
18,14
18,11
18,8
18,6
18,3
18,0
17,6
17,3
17,0
16,3
16,1
15,3
15,0
14,4
14,1
13,7
13,5
13,2
12,4
12,1
11,6
11,3
11,0
10,6
10,3
10,0
9,4
9,2
8,19
8,16
8,14
8,11
8,8
8,5
8,3
8,0
7,2
7,0
6,3
6,0
5,5
5,2
4,2
3,4
3,2
2,90
2,87
2,84
2,81
2,78
2,75
2,73
2,70
2,67
2,65
2,34
2,31
2,28
2,26
2,23
2,20
2,18
2,15
2,12
0,273
0,434
0,272
0,501
0,271
0,387
0,270
0,386
0,269
0,433
0,268
0,385
0,267
0,384
0,266
0,383
0,265
0,432
0,264
0,382
0,263
0,381
0,262
0,380
0,261
0,431
0,260
0,379
0,259
0,378
0,258
0,375
0,257
0,374
0,256
0,430
0,255
0,373
0,254
0,372
0,253
0,371
0,252
0,429
0,251
0,370
0,250
0,249
0,368
0,248
0,367
0,247
0,447
0,246
0,476
0,245
0,365
0,244
0,364
0,242
0,446
0,241
0,363
0,240
0,362
0,239
0,361
0,238
0,445
0,237
0,360
0,236
0,359
0,235
0,358
0,234
0,489
0,233
0,357
0,232
0,356
0,231
0,488
0,230
0,354
0,229
0,353
0,228
0,352
0,227
0,425
0,226
0,351
0,225
0,350
0,224
0,349
0,223
0,424
0,222
0,348
0,221
0,347
0,220
0,346
0,219
0,487
0,218
0,345
0,217
0,344
0,216
0,343
0,215
0,422
0,214
0,342
0,213
0,341
0,212
0,340
0,211
0,421
0,210
0,339
0,209
0,338
0,208
0,337
0,207
0,420
0,206
0,336
0,205
0,335
0,204
0,334
0,203
0,498
0,202
0,333
0,201
0,332
0,200
0,331
0,199
0,418
0,198
0,330
0,197
0,486
0,196
0,328
0,195
0,485
0,194
0,327
0,193
0,326
0,192
0,325
0,63
0,484
0,62
0,324
0,61
0,471
0,60
0,321
0,59
0,415
0,58
0,320
0,57
0,319
0,56
0,318
0,55
0,317
0,54
0,412
0,53
0,316
0,52
0,315
0,51
0,314
0,50
0,313
0,49
0,312
0,48
0,311
0,47
0,309
0,46
0,306
0,45
0,496
0,6
0,5
0,1
0,413
0,11
0,4
0,2
0,3
0,7
